0,          [[12338,-13,-100],[2955,0,0],[2955,0,0]]
1,          [[2955,0,0],[12339,-29,-65],[2955,0,0],[2955,0,0],[2955,0,0],[2955,0,0],[2955,0,0],[2955,0,0],[2955,0,0],[2955,0,0],[2955,0,0],[2955,0,0],[2955,0,0],[2955,0,0],[2955,0,0],[2955,0,0],[2955,0,0]]
2,          [[2955,0,0],[12337,-18,-18],[2955,0,0],[2955,0,0],[2955,0,0],[2955,0,0],[2955,0,0],[2955,0,0],[2955,0,0],[2955,0,0],[2955,0,0],[2955,0,0],[2955,0,0],[2955,0,0]]]

0,          [[12341,-6,-14],[12342,-6,-14],[2955,0,0]]
0,          [[12343,-6,-14],[12344,-6,-14],[2955,0,0]]
0,          [[12345,-6,-14],[12346,-6,-14],[2955,0,0]]
0,          [[12350,-7,-14],[12351,-7,-14],[2955,0,0]]
0,          [[12352,-7,-14],[12353,-7,-14],[2955,0,0]]
0,          [[12354,-7,-14],[12355,-6,-14],[2955,0,0]]

0,          [[12356,0,-9],[12357,-2,-8],[2955,0,0]]
1,          [[12358,1,0],[12359,0,-4],[12360,-2,-4],[12361,0,-3],[12362,1,-3],[12363,1,-2],[12364,1,-3],[12365,1,-3],[12366,0,-2],[12367,2,-2],[12368,2,-2],[12369,-1,-3],[12370,-1,-3],[12371,3,-3],[12372,-1,-3],[12373,1,-4],[2955,0,0]]
2,          [[12374,7,4],[12375,1,-1],[12376,0,0],[12377,1,-1],[12378,0,-2],[12379,1,-1],[12380,1,-1],[12381,1,1],[12382,-3,0],[12383,1,-1],[12384,-2,0],[12385,-2,-1],[12386,0,-1],[2955,0,0]]

0,          [[2955,0,0],[2955,0,0],[2955,0,0]]
1,          [[2955,0,0],[12403,-5,-14],[12405,-7,-15],[12406,-5,-17],[12407,-8,-16],[12408,-3,-16],[12409,-4,-15],[12408,-1,-14],[12409,2,-7],[2955,0,0],[2955,0,0],[2955,0,0],[2955,0,0],[2955,0,0],[2955,0,0],[2955,0,0],[2955,0,0]]
2,          [[2955,0,0],[12404,1,7],[2955,0,0],[2955,0,0],[2955,0,0],[2955,0,0],[2955,0,0],[2955,0,0],[2955,0,0],[2955,0,0],[2955,0,0],[2955,0,0],[2955,0,0],[2955,0,0]]

0,          [[12441,-2,0],[12442,0,-1],[2955,0,0]]
1,          [[12443,0,0],[12444,0,0],[12445,0,0],[12446,0,0],[12447,0,0],[12448,0,0],[12449,0,0],[12450,0,0],[12451,0,0],[12452,0,0],[12453,0,0],[12454,0,0],[12455,0,0],[12456,0,0],[12457,0,0],[12458,0,0],[2955,0,0]]
2,          [[12459,0,0],[12460,0,0],[12461,0,0],[12462,0,0],[12463,0,0],[12464,0,0],[12465,0,0],[12466,0,0],[12467,0,0],[12468,0,0],[12469,0,0],[12470,0,0],[12471,0,0],[2955,0,0]]

0,          [[12410,-2,-1],[12411,0,-2],[2955,0,0]]
1,          [[12412,0,0],[12413,0,0],[12414,0,0],[12415,1,-1],[12416,0,0],[12417,0,0],[12418,0,0],[12419,0,0],[12420,0,0],[12421,0,0],[12422,0,0],[12423,0,0],[12424,0,0],[12425,0,0],[12426,0,0],[12427,0,0],[2955,0,0]]
2,          [[12428,0,0],[12429,0,0],[12430,0,0],[12431,0,0],[12432,0,0],[12433,0,0],[12434,0,0],[12435,0,0],[12436,0,0],[12437,0,0],[12438,0,0],[12439,0,0],[12440,0,0],[2955,0,0]]

0,          [[12472,-2,0],[12473,0,0],[2955,0,0]]
1,          [[12474,0,0],[12475,0,0],[12476,0,0],[12477,0,-1],[12478,0,0],[12479,0,0],[12480,0,0],[12481,0,0],[12482,0,0],[12483,0,0],[12484,0,0],[12485,0,0],[12486,0,0],[12487,0,0],[12488,0,0],[12489,0,0],[2955,0,0]]
2,          [[12490,0,0],[12491,0,0],[12492,0,0],[12493,0,0],[12494,0,0],[12495,0,0],[12496,0,0],[12497,0,0],[12498,0,0],[12499,0,0],[12500,0,0],[12501,0,0],[12502,0,0],[2955,0,0]]

0,          [[12509,-1,-9],[12510,-1,-8],[2955,0,0]]
1,          [[12511,1,-2],[12512,-1,-4],[12513,-1,-4],[12514,0,-3],[12515,1,-3],[12516,0,-2],[12517,0,-3],[12518,-1,-3],[12519,0,-2],[12520,1,-1],[12521,1,-2],[12522,0,-4],[12523,-1,-2],[12524,2,-3],[12525,0,-3],[12526,1,-4],[2955,0,0]]
2,          [[12527,6,4],[12528,0,-1],[12529,0,0],[12530,1,-2],[12531,0,-2],[12532,0,0],[12533,0,0],[12534,0,2],[12535,-3,-1],[12536,1,-1],[12537,-1,-1],[12538,-2,-1],[12539,1,1],[2955,0,0]]

0,          [[2955,0,0],[2955,0,0],[2955,0,0]]
1,          [[2955,0,0],[12542,-12,-23],[12544,-12,-36],[12545,-11,-37],[12546,-10,-35],[12547,-9,-33],[12544,-9,-35],[12545,-6,-29],[12545,-2,-25],[2955,0,0],[2955,0,0],[2955,0,0],[2955,0,0],[2955,0,0],[2955,0,0],[2955,0,0],[2955,0,0]]
2,          [[2955,0,0],[12543,-14,-2],[2955,0,0],[2955,0,0],[2955,0,0],[2955,0,0],[2955,0,0],[2955,0,0],[2955,0,0],[2955,0,0],[2955,0,0],[2955,0,0],[2955,0,0],[2955,0,0]]

0,          [[2955,0,0],[2955,0,0],[2955,0,0]]
1,          [[2955,0,0],[12552,-12,-22],[12554,-11,-35],[12555,-7,-34],[12556,-12,-34],[12557,-9,-32],[12554,-11,-35],[12557,-4,-27],[12555,-2,-24],[2955,0,0],[2955,0,0],[2955,0,0],[2955,0,0],[2955,0,0],[2955,0,0],[2955,0,0],[2955,0,0]]
2,          [[2955,0,0],[12553,-10,0],[2955,0,0],[2955,0,0],[2955,0,0],[2955,0,0],[2955,0,0],[2955,0,0],[2955,0,0],[2955,0,0],[2955,0,0],[2955,0,0],[2955,0,0],[2955,0,0]]

0,          [[12559,1,-10],[12560,1,-9],[2955,0,0]]
1,          [[12561,0,-2],[12562,-2,-7],[12563,-2,-8],[12564,0,-9],[12565,0,-6],[12566,2,-6],[12567,0,-6],[12568,0,-6],[12569,0,-4],[12570,-3,-5],[12571,-1,-5],[12572,-2,-5],[12573,-5,-3],[12574,1,-6],[12575,-3,-7],[12576,-1,-5],[2955,0,0]]
2,          [[12577,2,-4],[12578,-2,-4],[12579,-2,-2],[12580,-2,-4],[12581,-1,-3],[12582,0,-4],[12583,0,-2],[12584,-1,-1],[12585,-4,-2],[12586,-3,-3],[12587,-2,-4],[12588,-3,0],[12589,2,-4],[2955,0,0]]

0,          [[12590,0,-10],[12591,0,-8],[2955,0,0]]
1,          [[12592,0,-5],[12593,-2,-8],[12594,-2,-11],[12595,-2,-10],[12596,0,-9],[12597,0,-6],[12598,0,-7],[12599,-5,-5],[12600,-1,-6],[12601,-4,-8],[12602,-1,-6],[12603,-2,-7],[12604,-1,-6],[12605,1,-8],[12606,-3,-9],[12607,0,-7],[2955,0,0]]
2,          [[12608,1,1],[12609,-1,-4],[12610,-2,-2],[12611,0,-3],[12612,-2,-4],[12613,-1,-1],[12614,0,-1],[12615,-2,-2],[12616,0,-2],[12617,-2,-4],[12618,-2,-4],[12619,0,0],[12620,0,-1],[2955,0,0]]

0,          [[12621,5,-4],[12622,4,-4],[2955,0,0]]
1,          [[12623,1,-3],[12624,-3,-7],[12625,-3,-8],[12626,-1,-9],[12627,-1,-7],[12628,1,-6],[12629,0,-6],[12630,-2,-7],[12631,-1,-3],[12632,-2,-5],[12633,-1,-5],[12634,-2,-4],[12635,-5,-6],[12636,-1,-6],[12637,-2,-6],[12638,0,-6],[2955,0,0]]
2,          [[12639,0,0],[12640,-3,-3],[12641,-1,-3],[12642,0,-4],[12643,-2,-3],[12644,-1,-3],[12645,-1,-2],[12646,-2,0],[12647,-3,0],[12648,-3,-2],[12649,-3,-4],[12650,-1,0],[12651,0,-1],[2955,0,0]]]]